+------+-----------+-----------+-----------+-------------+-------------+-------------+-------------+
|   tp |       gap | phase     |   abs_gap |   lower_min |   lower_max |   upper_min |   upper_max |
+======+===========+===========+===========+=============+=============+=============+=============+
| 0    | -3.99999  | Metal     |  3.99999  |    -1.99999 |        2    |   -1.99999  |        2    |
+------+-----------+-----------+-----------+-------------+-------------+-------------+-------------+
| 0.05 | -3.89999  | Metal     |  3.89999  |    -2.04999 |        1.95 |   -1.94999  |        2.05 |
+------+-----------+-----------+-----------+-------------+-------------+-------------+-------------+
| 0.1  | -3.79999  | Metal     |  3.79999  |    -2.09999 |        1.9  |   -1.89999  |        2.1  |
+------+-----------+-----------+-----------+-------------+-------------+-------------+-------------+
| 0.15 | -3.69999  | Metal     |  3.69999  |    -2.14999 |        1.85 |   -1.84999  |        2.15 |
+------+-----------+-----------+-----------+-------------+-------------+-------------+-------------+
| 0.2  | -3.59999  | Metal     |  3.59999  |    -2.19999 |        1.8  |   -1.79999  |        2.2  |
+------+-----------+-----------+-----------+-------------+-------------+-------------+-------------+
| 0.25 | -3.49999  | Metal     |  3.49999  |    -2.24999 |        1.75 |   -1.74999  |        2.25 |
+------+-----------+-----------+-----------+-------------+-------------+-------------+-------------+
| 0.3  | -3.39999  | Metal     |  3.39999  |    -2.29999 |        1.7  |   -1.69999  |        2.3  |
+------+-----------+-----------+-----------+-------------+-------------+-------------+-------------+
| 0.35 | -3.29999  | Metal     |  3.29999  |    -2.34999 |        1.65 |   -1.64999  |        2.35 |
+------+-----------+-----------+-----------+-------------+-------------+-------------+-------------+
| 0.4  | -3.19999  | Metal     |  3.19999  |    -2.39999 |        1.6  |   -1.59999  |        2.4  |
+------+-----------+-----------+-----------+-------------+-------------+-------------+-------------+
| 0.45 | -3.09999  | Metal     |  3.09999  |    -2.44999 |        1.55 |   -1.54999  |        2.45 |
+------+-----------+-----------+-----------+-------------+-------------+-------------+-------------+
| 0.5  | -2.99999  | Metal     |  2.99999  |    -2.49999 |        1.5  |   -1.49999  |        2.5  |
+------+-----------+-----------+-----------+-------------+-------------+-------------+-------------+
| 0.55 | -2.89999  | Metal     |  2.89999  |    -2.54999 |        1.45 |   -1.44999  |        2.55 |
+------+-----------+-----------+-----------+-------------+-------------+-------------+-------------+
| 0.6  | -2.79999  | Metal     |  2.79999  |    -2.59999 |        1.4  |   -1.39999  |        2.6  |
+------+-----------+-----------+-----------+-------------+-------------+-------------+-------------+
| 0.65 | -2.69999  | Metal     |  2.69999  |    -2.64999 |        1.35 |   -1.34999  |        2.65 |
+------+-----------+-----------+-----------+-------------+-------------+-------------+-------------+
| 0.7  | -2.59999  | Metal     |  2.59999  |    -2.69999 |        1.3  |   -1.29999  |        2.7  |
+------+-----------+-----------+-----------+-------------+-------------+-------------+-------------+
| 0.75 | -2.49999  | Metal     |  2.49999  |    -2.74999 |        1.25 |   -1.24999  |        2.75 |
+------+-----------+-----------+-----------+-------------+-------------+-------------+-------------+
| 0.8  | -2.39999  | Metal     |  2.39999  |    -2.79999 |        1.2  |   -1.19999  |        2.8  |
+------+-----------+-----------+-----------+-------------+-------------+-------------+-------------+
| 0.85 | -2.29999  | Metal     |  2.29999  |    -2.84999 |        1.15 |   -1.14999  |        2.85 |
+------+-----------+-----------+-----------+-------------+-------------+-------------+-------------+
| 0.9  | -2.19999  | Metal     |  2.19999  |    -2.89999 |        1.1  |   -1.09999  |        2.9  |
+------+-----------+-----------+-----------+-------------+-------------+-------------+-------------+
| 0.95 | -2.09999  | Metal     |  2.09999  |    -2.94999 |        1.05 |   -1.04999  |        2.95 |
+------+-----------+-----------+-----------+-------------+-------------+-------------+-------------+
| 1    | -1.99999  | Metal     |  1.99999  |    -2.99999 |        1    |   -0.999993 |        3    |
+------+-----------+-----------+-----------+-------------+-------------+-------------+-------------+
| 1.05 | -1.89999  | Metal     |  1.89999  |    -3.04999 |        0.95 |   -0.949993 |        3.05 |
+------+-----------+-----------+-----------+-------------+-------------+-------------+-------------+
| 1.1  | -1.79999  | Metal     |  1.79999  |    -3.09999 |        0.9  |   -0.899993 |        3.1  |
+------+-----------+-----------+-----------+-------------+-------------+-------------+-------------+
| 1.15 | -1.69999  | Metal     |  1.69999  |    -3.14999 |        0.85 |   -0.849993 |        3.15 |
+------+-----------+-----------+-----------+-------------+-------------+-------------+-------------+
| 1.2  | -1.59999  | Metal     |  1.59999  |    -3.19999 |        0.8  |   -0.799993 |        3.2  |
+------+-----------+-----------+-----------+-------------+-------------+-------------+-------------+
| 1.25 | -1.49999  | Metal     |  1.49999  |    -3.24999 |        0.75 |   -0.749993 |        3.25 |
+------+-----------+-----------+-----------+-------------+-------------+-------------+-------------+
| 1.3  | -1.39999  | Metal     |  1.39999  |    -3.29999 |        0.7  |   -0.699993 |        3.3  |
+------+-----------+-----------+-----------+-------------+-------------+-------------+-------------+
| 1.35 | -1.29999  | Metal     |  1.29999  |    -3.34999 |        0.65 |   -0.649993 |        3.35 |
+------+-----------+-----------+-----------+-------------+-------------+-------------+-------------+
| 1.4  | -1.19999  | Metal     |  1.19999  |    -3.39999 |        0.6  |   -0.599993 |        3.4  |
+------+-----------+-----------+-----------+-------------+-------------+-------------+-------------+
| 1.45 | -1.09999  | Metal     |  1.09999  |    -3.44999 |        0.55 |   -0.549993 |        3.45 |
+------+-----------+-----------+-----------+-------------+-------------+-------------+-------------+
| 1.5  | -0.999993 | Metal     |  0.999993 |    -3.49999 |        0.5  |   -0.499993 |        3.5  |
+------+-----------+-----------+-----------+-------------+-------------+-------------+-------------+
| 1.55 | -0.899993 | Metal     |  0.899993 |    -3.54999 |        0.45 |   -0.449993 |        3.55 |
+------+-----------+-----------+-----------+-------------+-------------+-------------+-------------+
| 1.6  | -0.799993 | Metal     |  0.799993 |    -3.59999 |        0.4  |   -0.399993 |        3.6  |
+------+-----------+-----------+-----------+-------------+-------------+-------------+-------------+
| 1.65 | -0.699993 | Metal     |  0.699993 |    -3.64999 |        0.35 |   -0.349993 |        3.65 |
+------+-----------+-----------+-----------+-------------+-------------+-------------+-------------+
| 1.7  | -0.599993 | Metal     |  0.599993 |    -3.69999 |        0.3  |   -0.299993 |        3.7  |
+------+-----------+-----------+-----------+-------------+-------------+-------------+-------------+
| 1.75 | -0.499993 | Metal     |  0.499993 |    -3.74999 |        0.25 |   -0.249993 |        3.75 |
+------+-----------+-----------+-----------+-------------+-------------+-------------+-------------+
| 1.8  | -0.399993 | Metal     |  0.399993 |    -3.79999 |        0.2  |   -0.199993 |        3.8  |
+------+-----------+-----------+-----------+-------------+-------------+-------------+-------------+
| 1.85 | -0.299993 | Metal     |  0.299993 |    -3.84999 |        0.15 |   -0.149993 |        3.85 |
+------+-----------+-----------+-----------+-------------+-------------+-------------+-------------+
| 1.9  | -0.199993 | Metal     |  0.199993 |    -3.89999 |        0.1  |   -0.099993 |        3.9  |
+------+-----------+-----------+-----------+-------------+-------------+-------------+-------------+
| 1.95 | -0.099993 | Metal     |  0.099993 |    -3.94999 |        0.05 |   -0.049993 |        3.95 |
+------+-----------+-----------+-----------+-------------+-------------+-------------+-------------+
| 2    |  7e-06    | Critical  |  7e-06    |    -3.99999 |        0    |    7e-06    |        4    |
+------+-----------+-----------+-----------+-------------+-------------+-------------+-------------+
| 2.05 |  0.100007 | Insulator |  0.100007 |    -4.04999 |       -0.05 |    0.050007 |        4.05 |
+------+-----------+-----------+-----------+-------------+-------------+-------------+-------------+
| 2.1  |  0.200007 | Insulator |  0.200007 |    -4.09999 |       -0.1  |    0.100007 |        4.1  |
+------+-----------+-----------+-----------+-------------+-------------+-------------+-------------+
| 2.15 |  0.300007 | Insulator |  0.300007 |    -4.14999 |       -0.15 |    0.150007 |        4.15 |
+------+-----------+-----------+-----------+-------------+-------------+-------------+-------------+
| 2.2  |  0.400007 | Insulator |  0.400007 |    -4.19999 |       -0.2  |    0.200007 |        4.2  |
+------+-----------+-----------+-----------+-------------+-------------+-------------+-------------+
| 2.25 |  0.500007 | Insulator |  0.500007 |    -4.24999 |       -0.25 |    0.250007 |        4.25 |
+------+-----------+-----------+-----------+-------------+-------------+-------------+-------------+
| 2.3  |  0.600007 | Insulator |  0.600007 |    -4.29999 |       -0.3  |    0.300007 |        4.3  |
+------+-----------+-----------+-----------+-------------+-------------+-------------+-------------+
| 2.35 |  0.700007 | Insulator |  0.700007 |    -4.34999 |       -0.35 |    0.350007 |        4.35 |
+------+-----------+-----------+-----------+-------------+-------------+-------------+-------------+
| 2.4  |  0.800007 | Insulator |  0.800007 |    -4.39999 |       -0.4  |    0.400007 |        4.4  |
+------+-----------+-----------+-----------+-------------+-------------+-------------+-------------+
| 2.45 |  0.900007 | Insulator |  0.900007 |    -4.44999 |       -0.45 |    0.450007 |        4.45 |
+------+-----------+-----------+-----------+-------------+-------------+-------------+-------------+
| 2.5  |  1.00001  | Insulator |  1.00001  |    -4.49999 |       -0.5  |    0.500007 |        4.5  |
+------+-----------+-----------+-----------+-------------+-------------+-------------+-------------+
| 2.55 |  1.10001  | Insulator |  1.10001  |    -4.54999 |       -0.55 |    0.550007 |        4.55 |
+------+-----------+-----------+-----------+-------------+-------------+-------------+-------------+
| 2.6  |  1.20001  | Insulator |  1.20001  |    -4.59999 |       -0.6  |    0.600007 |        4.6  |
+------+-----------+-----------+-----------+-------------+-------------+-------------+-------------+
| 2.65 |  1.30001  | Insulator |  1.30001  |    -4.64999 |       -0.65 |    0.650007 |        4.65 |
+------+-----------+-----------+-----------+-------------+-------------+-------------+-------------+
| 2.7  |  1.40001  | Insulator |  1.40001  |    -4.69999 |       -0.7  |    0.700007 |        4.7  |
+------+-----------+-----------+-----------+-------------+-------------+-------------+-------------+
| 2.75 |  1.50001  | Insulator |  1.50001  |    -4.74999 |       -0.75 |    0.750007 |        4.75 |
+------+-----------+-----------+-----------+-------------+-------------+-------------+-------------+
| 2.8  |  1.60001  | Insulator |  1.60001  |    -4.79999 |       -0.8  |    0.800007 |        4.8  |
+------+-----------+-----------+-----------+-------------+-------------+-------------+-------------+
| 2.85 |  1.70001  | Insulator |  1.70001  |    -4.84999 |       -0.85 |    0.850007 |        4.85 |
+------+-----------+-----------+-----------+-------------+-------------+-------------+-------------+
| 2.9  |  1.80001  | Insulator |  1.80001  |    -4.89999 |       -0.9  |    0.900007 |        4.9  |
+------+-----------+-----------+-----------+-------------+-------------+-------------+-------------+
| 2.95 |  1.90001  | Insulator |  1.90001  |    -4.94999 |       -0.95 |    0.950007 |        4.95 |
+------+-----------+-----------+-----------+-------------+-------------+-------------+-------------+
| 3    |  2.00001  | Insulator |  2.00001  |    -4.99999 |       -1    |    1.00001  |        5    |
+------+-----------+-----------+-----------+-------------+-------------+-------------+-------------+
| 3.05 |  2.10001  | Insulator |  2.10001  |    -5.04999 |       -1.05 |    1.05001  |        5.05 |
+------+-----------+-----------+-----------+-------------+-------------+-------------+-------------+
| 3.1  |  2.20001  | Insulator |  2.20001  |    -5.09999 |       -1.1  |    1.10001  |        5.1  |
+------+-----------+-----------+-----------+-------------+-------------+-------------+-------------+
| 3.15 |  2.30001  | Insulator |  2.30001  |    -5.14999 |       -1.15 |    1.15001  |        5.15 |
+------+-----------+-----------+-----------+-------------+-------------+-------------+-------------+
| 3.2  |  2.40001  | Insulator |  2.40001  |    -5.19999 |       -1.2  |    1.20001  |        5.2  |
+------+-----------+-----------+-----------+-------------+-------------+-------------+-------------+
| 3.25 |  2.50001  | Insulator |  2.50001  |    -5.24999 |       -1.25 |    1.25001  |        5.25 |
+------+-----------+-----------+-----------+-------------+-------------+-------------+-------------+
| 3.3  |  2.60001  | Insulator |  2.60001  |    -5.29999 |       -1.3  |    1.30001  |        5.3  |
+------+-----------+-----------+-----------+-------------+-------------+-------------+-------------+
| 3.35 |  2.70001  | Insulator |  2.70001  |    -5.34999 |       -1.35 |    1.35001  |        5.35 |
+------+-----------+-----------+-----------+-------------+-------------+-------------+-------------+
| 3.4  |  2.80001  | Insulator |  2.80001  |    -5.39999 |       -1.4  |    1.40001  |        5.4  |
+------+-----------+-----------+-----------+-------------+-------------+-------------+-------------+
| 3.45 |  2.90001  | Insulator |  2.90001  |    -5.44999 |       -1.45 |    1.45001  |        5.45 |
+------+-----------+-----------+-----------+-------------+-------------+-------------+-------------+
| 3.5  |  3.00001  | Insulator |  3.00001  |    -5.49999 |       -1.5  |    1.50001  |        5.5  |
+------+-----------+-----------+-----------+-------------+-------------+-------------+-------------+
| 3.55 |  3.10001  | Insulator |  3.10001  |    -5.54999 |       -1.55 |    1.55001  |        5.55 |
+------+-----------+-----------+-----------+-------------+-------------+-------------+-------------+
| 3.6  |  3.20001  | Insulator |  3.20001  |    -5.59999 |       -1.6  |    1.60001  |        5.6  |
+------+-----------+-----------+-----------+-------------+-------------+-------------+-------------+
| 3.65 |  3.30001  | Insulator |  3.30001  |    -5.64999 |       -1.65 |    1.65001  |        5.65 |
+------+-----------+-----------+-----------+-------------+-------------+-------------+-------------+
| 3.7  |  3.40001  | Insulator |  3.40001  |    -5.69999 |       -1.7  |    1.70001  |        5.7  |
+------+-----------+-----------+-----------+-------------+-------------+-------------+-------------+
| 3.75 |  3.50001  | Insulator |  3.50001  |    -5.74999 |       -1.75 |    1.75001  |        5.75 |
+------+-----------+-----------+-----------+-------------+-------------+-------------+-------------+
| 3.8  |  3.60001  | Insulator |  3.60001  |    -5.79999 |       -1.8  |    1.80001  |        5.8  |
+------+-----------+-----------+-----------+-------------+-------------+-------------+-------------+
| 3.85 |  3.70001  | Insulator |  3.70001  |    -5.84999 |       -1.85 |    1.85001  |        5.85 |
+------+-----------+-----------+-----------+-------------+-------------+-------------+-------------+
| 3.9  |  3.80001  | Insulator |  3.80001  |    -5.89999 |       -1.9  |    1.90001  |        5.9  |
+------+-----------+-----------+-----------+-------------+-------------+-------------+-------------+
| 3.95 |  3.90001  | Insulator |  3.90001  |    -5.94999 |       -1.95 |    1.95001  |        5.95 |
+------+-----------+-----------+-----------+-------------+-------------+-------------+-------------+
| 4    |  4.00001  | Insulator |  4.00001  |    -5.99999 |       -2    |    2.00001  |        6    |
+------+-----------+-----------+-----------+-------------+-------------+-------------+-------------+