+------+-------+-----------+-----------+-----------+-------------+-------------+-------------+-------------+
|   tp |   tpp |       gap | phase     |   abs_gap |   lower_min |   lower_max |   upper_min |   upper_max |
+======+=======+===========+===========+===========+=============+=============+=============+=============+
| 0    |   0.2 | -3.59999  | Metal     |  3.59999  |    -2.19999 |        1.8  |   -1.79999  |        2.2  |
+------+-------+-----------+-----------+-----------+-------------+-------------+-------------+-------------+
| 0.05 |   0.2 | -3.59999  | Metal     |  3.59999  |    -2.24999 |        1.85 |   -1.74999  |        2.15 |
+------+-------+-----------+-----------+-----------+-------------+-------------+-------------+-------------+
| 0.1  |   0.2 | -3.59999  | Metal     |  3.59999  |    -2.29999 |        1.9  |   -1.69999  |        2.1  |
+------+-------+-----------+-----------+-----------+-------------+-------------+-------------+-------------+
| 0.15 |   0.2 | -3.59999  | Metal     |  3.59999  |    -2.34999 |        1.95 |   -1.64999  |        2.05 |
+------+-------+-----------+-----------+-----------+-------------+-------------+-------------+-------------+
| 0.2  |   0.2 | -3.59999  | Metal     |  3.59999  |    -2.39999 |        2    |   -1.59999  |        2.01 |
+------+-------+-----------+-----------+-----------+-------------+-------------+-------------+-------------+
| 0.25 |   0.2 | -3.49999  | Metal     |  3.49999  |    -2.44999 |        1.95 |   -1.54999  |        2.05 |
+------+-------+-----------+-----------+-----------+-------------+-------------+-------------+-------------+
| 0.3  |   0.2 | -3.39999  | Metal     |  3.39999  |    -2.49999 |        1.9  |   -1.49999  |        2.1  |
+------+-------+-----------+-----------+-----------+-------------+-------------+-------------+-------------+
| 0.35 |   0.2 | -3.29999  | Metal     |  3.29999  |    -2.54999 |        1.85 |   -1.44999  |        2.15 |
+------+-------+-----------+-----------+-----------+-------------+-------------+-------------+-------------+
| 0.4  |   0.2 | -3.19999  | Metal     |  3.19999  |    -2.59999 |        1.8  |   -1.39999  |        2.2  |
+------+-------+-----------+-----------+-----------+-------------+-------------+-------------+-------------+
| 0.45 |   0.2 | -3.09999  | Metal     |  3.09999  |    -2.64999 |        1.75 |   -1.34999  |        2.25 |
+------+-------+-----------+-----------+-----------+-------------+-------------+-------------+-------------+
| 0.5  |   0.2 | -2.99999  | Metal     |  2.99999  |    -2.69999 |        1.7  |   -1.29999  |        2.3  |
+------+-------+-----------+-----------+-----------+-------------+-------------+-------------+-------------+
| 0.55 |   0.2 | -2.89999  | Metal     |  2.89999  |    -2.74999 |        1.65 |   -1.24999  |        2.35 |
+------+-------+-----------+-----------+-----------+-------------+-------------+-------------+-------------+
| 0.6  |   0.2 | -2.79999  | Metal     |  2.79999  |    -2.79999 |        1.6  |   -1.19999  |        2.4  |
+------+-------+-----------+-----------+-----------+-------------+-------------+-------------+-------------+
| 0.65 |   0.2 | -2.69999  | Metal     |  2.69999  |    -2.84999 |        1.55 |   -1.14999  |        2.45 |
+------+-------+-----------+-----------+-----------+-------------+-------------+-------------+-------------+
| 0.7  |   0.2 | -2.59999  | Metal     |  2.59999  |    -2.89999 |        1.5  |   -1.09999  |        2.5  |
+------+-------+-----------+-----------+-----------+-------------+-------------+-------------+-------------+
| 0.75 |   0.2 | -2.49999  | Metal     |  2.49999  |    -2.94999 |        1.45 |   -1.04999  |        2.55 |
+------+-------+-----------+-----------+-----------+-------------+-------------+-------------+-------------+
| 0.8  |   0.2 | -2.39999  | Metal     |  2.39999  |    -2.99999 |        1.4  |   -0.999994 |        2.6  |
+------+-------+-----------+-----------+-----------+-------------+-------------+-------------+-------------+
| 0.85 |   0.2 | -2.29999  | Metal     |  2.29999  |    -3.04999 |        1.35 |   -0.949994 |        2.65 |
+------+-------+-----------+-----------+-----------+-------------+-------------+-------------+-------------+
| 0.9  |   0.2 | -2.19999  | Metal     |  2.19999  |    -3.09999 |        1.3  |   -0.899994 |        2.7  |
+------+-------+-----------+-----------+-----------+-------------+-------------+-------------+-------------+
| 0.95 |   0.2 | -2.09999  | Metal     |  2.09999  |    -3.14999 |        1.25 |   -0.849994 |        2.75 |
+------+-------+-----------+-----------+-----------+-------------+-------------+-------------+-------------+
| 1    |   0.2 | -1.99999  | Metal     |  1.99999  |    -3.19999 |        1.2  |   -0.799994 |        2.8  |
+------+-------+-----------+-----------+-----------+-------------+-------------+-------------+-------------+
| 1.05 |   0.2 | -1.89999  | Metal     |  1.89999  |    -3.24999 |        1.15 |   -0.749994 |        2.85 |
+------+-------+-----------+-----------+-----------+-------------+-------------+-------------+-------------+
| 1.1  |   0.2 | -1.79999  | Metal     |  1.79999  |    -3.29999 |        1.1  |   -0.699994 |        2.9  |
+------+-------+-----------+-----------+-----------+-------------+-------------+-------------+-------------+
| 1.15 |   0.2 | -1.69999  | Metal     |  1.69999  |    -3.34999 |        1.05 |   -0.649994 |        2.95 |
+------+-------+-----------+-----------+-----------+-------------+-------------+-------------+-------------+
| 1.2  |   0.2 | -1.59999  | Metal     |  1.59999  |    -3.39999 |        1    |   -0.599994 |        3    |
+------+-------+-----------+-----------+-----------+-------------+-------------+-------------+-------------+
| 1.25 |   0.2 | -1.49999  | Metal     |  1.49999  |    -3.44999 |        0.95 |   -0.549994 |        3.05 |
+------+-------+-----------+-----------+-----------+-------------+-------------+-------------+-------------+
| 1.3  |   0.2 | -1.39999  | Metal     |  1.39999  |    -3.49999 |        0.9  |   -0.499994 |        3.1  |
+------+-------+-----------+-----------+-----------+-------------+-------------+-------------+-------------+
| 1.35 |   0.2 | -1.29999  | Metal     |  1.29999  |    -3.54999 |        0.85 |   -0.449994 |        3.15 |
+------+-------+-----------+-----------+-----------+-------------+-------------+-------------+-------------+
| 1.4  |   0.2 | -1.19999  | Metal     |  1.19999  |    -3.59999 |        0.8  |   -0.399994 |        3.2  |
+------+-------+-----------+-----------+-----------+-------------+-------------+-------------+-------------+
| 1.45 |   0.2 | -1.09999  | Metal     |  1.09999  |    -3.64999 |        0.75 |   -0.349994 |        3.25 |
+------+-------+-----------+-----------+-----------+-------------+-------------+-------------+-------------+
| 1.5  |   0.2 | -0.999994 | Metal     |  0.999994 |    -3.69999 |        0.7  |   -0.299994 |        3.3  |
+------+-------+-----------+-----------+-----------+-------------+-------------+-------------+-------------+
| 1.55 |   0.2 | -0.899994 | Metal     |  0.899994 |    -3.74999 |        0.65 |   -0.249994 |        3.35 |
+------+-------+-----------+-----------+-----------+-------------+-------------+-------------+-------------+
| 1.6  |   0.2 | -0.799994 | Metal     |  0.799994 |    -3.79999 |        0.6  |   -0.199994 |        3.4  |
+------+-------+-----------+-----------+-----------+-------------+-------------+-------------+-------------+
| 1.65 |   0.2 | -0.699994 | Metal     |  0.699994 |    -3.84999 |        0.55 |   -0.149994 |        3.45 |
+------+-------+-----------+-----------+-----------+-------------+-------------+-------------+-------------+
| 1.7  |   0.2 | -0.599994 | Metal     |  0.599994 |    -3.89999 |        0.5  |   -0.099994 |        3.5  |
+------+-------+-----------+-----------+-----------+-------------+-------------+-------------+-------------+
| 1.75 |   0.2 | -0.499994 | Metal     |  0.499994 |    -3.94999 |        0.45 |   -0.049994 |        3.55 |
+------+-------+-----------+-----------+-----------+-------------+-------------+-------------+-------------+
| 1.8  |   0.2 | -0.399994 | Metal     |  0.399994 |    -3.99999 |        0.4  |    6e-06    |        3.6  |
+------+-------+-----------+-----------+-----------+-------------+-------------+-------------+-------------+
| 1.85 |   0.2 | -0.299994 | Metal     |  0.299994 |    -4.04999 |        0.35 |    0.050006 |        3.65 |
+------+-------+-----------+-----------+-----------+-------------+-------------+-------------+-------------+
| 1.9  |   0.2 | -0.199994 | Metal     |  0.199994 |    -4.09999 |        0.3  |    0.100006 |        3.7  |
+------+-------+-----------+-----------+-----------+-------------+-------------+-------------+-------------+
| 1.95 |   0.2 | -0.099994 | Metal     |  0.099994 |    -4.14999 |        0.25 |    0.150006 |        3.75 |
+------+-------+-----------+-----------+-----------+-------------+-------------+-------------+-------------+
| 2    |   0.2 |  6e-06    | Critical  |  6e-06    |    -4.19999 |        0.2  |    0.200006 |        3.8  |
+------+-------+-----------+-----------+-----------+-------------+-------------+-------------+-------------+
| 2.05 |   0.2 |  0.100006 | Insulator |  0.100006 |    -4.24999 |        0.15 |    0.250006 |        3.85 |
+------+-------+-----------+-----------+-----------+-------------+-------------+-------------+-------------+
| 2.1  |   0.2 |  0.200006 | Insulator |  0.200006 |    -4.29999 |        0.1  |    0.300006 |        3.9  |
+------+-------+-----------+-----------+-----------+-------------+-------------+-------------+-------------+
| 2.15 |   0.2 |  0.300006 | Insulator |  0.300006 |    -4.34999 |        0.05 |    0.350006 |        3.95 |
+------+-------+-----------+-----------+-----------+-------------+-------------+-------------+-------------+
| 2.2  |   0.2 |  0.400006 | Insulator |  0.400006 |    -4.39999 |        0    |    0.400006 |        4    |
+------+-------+-----------+-----------+-----------+-------------+-------------+-------------+-------------+
| 2.25 |   0.2 |  0.500006 | Insulator |  0.500006 |    -4.44999 |       -0.05 |    0.450006 |        4.05 |
+------+-------+-----------+-----------+-----------+-------------+-------------+-------------+-------------+
| 2.3  |   0.2 |  0.600006 | Insulator |  0.600006 |    -4.49999 |       -0.1  |    0.500006 |        4.1  |
+------+-------+-----------+-----------+-----------+-------------+-------------+-------------+-------------+
| 2.35 |   0.2 |  0.700006 | Insulator |  0.700006 |    -4.54999 |       -0.15 |    0.550006 |        4.15 |
+------+-------+-----------+-----------+-----------+-------------+-------------+-------------+-------------+
| 2.4  |   0.2 |  0.800006 | Insulator |  0.800006 |    -4.59999 |       -0.2  |    0.600006 |        4.2  |
+------+-------+-----------+-----------+-----------+-------------+-------------+-------------+-------------+
| 2.45 |   0.2 |  0.900006 | Insulator |  0.900006 |    -4.64999 |       -0.25 |    0.650006 |        4.25 |
+------+-------+-----------+-----------+-----------+-------------+-------------+-------------+-------------+
| 2.5  |   0.2 |  1.00001  | Insulator |  1.00001  |    -4.69999 |       -0.3  |    0.700006 |        4.3  |
+------+-------+-----------+-----------+-----------+-------------+-------------+-------------+-------------+
| 2.55 |   0.2 |  1.10001  | Insulator |  1.10001  |    -4.74999 |       -0.35 |    0.750006 |        4.35 |
+------+-------+-----------+-----------+-----------+-------------+-------------+-------------+-------------+
| 2.6  |   0.2 |  1.20001  | Insulator |  1.20001  |    -4.79999 |       -0.4  |    0.800006 |        4.4  |
+------+-------+-----------+-----------+-----------+-------------+-------------+-------------+-------------+
| 2.65 |   0.2 |  1.30001  | Insulator |  1.30001  |    -4.84999 |       -0.45 |    0.850006 |        4.45 |
+------+-------+-----------+-----------+-----------+-------------+-------------+-------------+-------------+
| 2.7  |   0.2 |  1.40001  | Insulator |  1.40001  |    -4.89999 |       -0.5  |    0.900006 |        4.5  |
+------+-------+-----------+-----------+-----------+-------------+-------------+-------------+-------------+
| 2.75 |   0.2 |  1.50001  | Insulator |  1.50001  |    -4.94999 |       -0.55 |    0.950006 |        4.55 |
+------+-------+-----------+-----------+-----------+-------------+-------------+-------------+-------------+
| 2.8  |   0.2 |  1.60001  | Insulator |  1.60001  |    -4.99999 |       -0.6  |    1.00001  |        4.6  |
+------+-------+-----------+-----------+-----------+-------------+-------------+-------------+-------------+
| 2.85 |   0.2 |  1.70001  | Insulator |  1.70001  |    -5.04999 |       -0.65 |    1.05001  |        4.65 |
+------+-------+-----------+-----------+-----------+-------------+-------------+-------------+-------------+
| 2.9  |   0.2 |  1.80001  | Insulator |  1.80001  |    -5.09999 |       -0.7  |    1.10001  |        4.7  |
+------+-------+-----------+-----------+-----------+-------------+-------------+-------------+-------------+
| 2.95 |   0.2 |  1.90001  | Insulator |  1.90001  |    -5.14999 |       -0.75 |    1.15001  |        4.75 |
+------+-------+-----------+-----------+-----------+-------------+-------------+-------------+-------------+
| 3    |   0.2 |  2.00001  | Insulator |  2.00001  |    -5.19999 |       -0.8  |    1.20001  |        4.8  |
+------+-------+-----------+-----------+-----------+-------------+-------------+-------------+-------------+
| 3.05 |   0.2 |  2.10001  | Insulator |  2.10001  |    -5.24999 |       -0.85 |    1.25001  |        4.85 |
+------+-------+-----------+-----------+-----------+-------------+-------------+-------------+-------------+
| 3.1  |   0.2 |  2.20001  | Insulator |  2.20001  |    -5.29999 |       -0.9  |    1.30001  |        4.9  |
+------+-------+-----------+-----------+-----------+-------------+-------------+-------------+-------------+
| 3.15 |   0.2 |  2.30001  | Insulator |  2.30001  |    -5.34999 |       -0.95 |    1.35001  |        4.95 |
+------+-------+-----------+-----------+-----------+-------------+-------------+-------------+-------------+
| 3.2  |   0.2 |  2.40001  | Insulator |  2.40001  |    -5.39999 |       -1    |    1.40001  |        5    |
+------+-------+-----------+-----------+-----------+-------------+-------------+-------------+-------------+
| 3.25 |   0.2 |  2.50001  | Insulator |  2.50001  |    -5.44999 |       -1.05 |    1.45001  |        5.05 |
+------+-------+-----------+-----------+-----------+-------------+-------------+-------------+-------------+
| 3.3  |   0.2 |  2.60001  | Insulator |  2.60001  |    -5.49999 |       -1.1  |    1.50001  |        5.1  |
+------+-------+-----------+-----------+-----------+-------------+-------------+-------------+-------------+
| 3.35 |   0.2 |  2.70001  | Insulator |  2.70001  |    -5.54999 |       -1.15 |    1.55001  |        5.15 |
+------+-------+-----------+-----------+-----------+-------------+-------------+-------------+-------------+
| 3.4  |   0.2 |  2.80001  | Insulator |  2.80001  |    -5.59999 |       -1.2  |    1.60001  |        5.2  |
+------+-------+-----------+-----------+-----------+-------------+-------------+-------------+-------------+
| 3.45 |   0.2 |  2.90001  | Insulator |  2.90001  |    -5.64999 |       -1.25 |    1.65001  |        5.25 |
+------+-------+-----------+-----------+-----------+-------------+-------------+-------------+-------------+
| 3.5  |   0.2 |  3.00001  | Insulator |  3.00001  |    -5.69999 |       -1.3  |    1.70001  |        5.3  |
+------+-------+-----------+-----------+-----------+-------------+-------------+-------------+-------------+
| 3.55 |   0.2 |  3.10001  | Insulator |  3.10001  |    -5.74999 |       -1.35 |    1.75001  |        5.35 |
+------+-------+-----------+-----------+-----------+-------------+-------------+-------------+-------------+
| 3.6  |   0.2 |  3.20001  | Insulator |  3.20001  |    -5.79999 |       -1.4  |    1.80001  |        5.4  |
+------+-------+-----------+-----------+-----------+-------------+-------------+-------------+-------------+
| 3.65 |   0.2 |  3.30001  | Insulator |  3.30001  |    -5.84999 |       -1.45 |    1.85001  |        5.45 |
+------+-------+-----------+-----------+-----------+-------------+-------------+-------------+-------------+
| 3.7  |   0.2 |  3.40001  | Insulator |  3.40001  |    -5.89999 |       -1.5  |    1.90001  |        5.5  |
+------+-------+-----------+-----------+-----------+-------------+-------------+-------------+-------------+
| 3.75 |   0.2 |  3.50001  | Insulator |  3.50001  |    -5.94999 |       -1.55 |    1.95001  |        5.55 |
+------+-------+-----------+-----------+-----------+-------------+-------------+-------------+-------------+
| 3.8  |   0.2 |  3.60001  | Insulator |  3.60001  |    -5.99999 |       -1.6  |    2.00001  |        5.6  |
+------+-------+-----------+-----------+-----------+-------------+-------------+-------------+-------------+
| 3.85 |   0.2 |  3.70001  | Insulator |  3.70001  |    -6.04999 |       -1.65 |    2.05001  |        5.65 |
+------+-------+-----------+-----------+-----------+-------------+-------------+-------------+-------------+
| 3.9  |   0.2 |  3.80001  | Insulator |  3.80001  |    -6.09999 |       -1.7  |    2.10001  |        5.7  |
+------+-------+-----------+-----------+-----------+-------------+-------------+-------------+-------------+
| 3.95 |   0.2 |  3.90001  | Insulator |  3.90001  |    -6.14999 |       -1.75 |    2.15001  |        5.75 |
+------+-------+-----------+-----------+-----------+-------------+-------------+-------------+-------------+
| 4    |   0.2 |  4.00001  | Insulator |  4.00001  |    -6.19999 |       -1.8  |    2.20001  |        5.8  |
+------+-------+-----------+-----------+-----------+-------------+-------------+-------------+-------------+