+------+-------+-----------+-----------+-----------+-------------+-------------+-------------+-------------+
|   tp |   tpp |       gap | phase     |   abs_gap |   lower_min |   lower_max |   upper_min |   upper_max |
+======+=======+===========+===========+===========+=============+=============+=============+=============+
| 0    |   0.2 | -3.19999  | Metal     |  3.19999  |    -2.39999 |        1.6  |   -1.6      |        2.4  |
+------+-------+-----------+-----------+-----------+-------------+-------------+-------------+-------------+
| 0.05 |   0.2 | -3.19999  | Metal     |  3.19999  |    -2.44999 |        1.65 |   -1.55     |        2.35 |
+------+-------+-----------+-----------+-----------+-------------+-------------+-------------+-------------+
| 0.1  |   0.2 | -3.19999  | Metal     |  3.19999  |    -2.49999 |        1.7  |   -1.49999  |        2.3  |
+------+-------+-----------+-----------+-----------+-------------+-------------+-------------+-------------+
| 0.15 |   0.2 | -3.19999  | Metal     |  3.19999  |    -2.54999 |        1.75 |   -1.44999  |        2.25 |
+------+-------+-----------+-----------+-----------+-------------+-------------+-------------+-------------+
| 0.2  |   0.2 | -3.19999  | Metal     |  3.19999  |    -2.59999 |        1.8  |   -1.4      |        2.2  |
+------+-------+-----------+-----------+-----------+-------------+-------------+-------------+-------------+
| 0.25 |   0.2 | -3.19999  | Metal     |  3.19999  |    -2.64999 |        1.85 |   -1.35     |        2.15 |
+------+-------+-----------+-----------+-----------+-------------+-------------+-------------+-------------+
| 0.3  |   0.2 | -3.19999  | Metal     |  3.19999  |    -2.69999 |        1.9  |   -1.3      |        2.1  |
+------+-------+-----------+-----------+-----------+-------------+-------------+-------------+-------------+
| 0.35 |   0.2 | -3.19999  | Metal     |  3.19999  |    -2.74999 |        1.95 |   -1.24999  |        2.05 |
+------+-------+-----------+-----------+-----------+-------------+-------------+-------------+-------------+
| 0.4  |   0.2 | -3.19999  | Metal     |  3.19999  |    -2.79999 |        2    |   -1.19999  |        2    |
+------+-------+-----------+-----------+-----------+-------------+-------------+-------------+-------------+
| 0.45 |   0.2 | -3.09999  | Metal     |  3.09999  |    -2.84999 |        1.95 |   -1.15     |        2.05 |
+------+-------+-----------+-----------+-----------+-------------+-------------+-------------+-------------+
| 0.5  |   0.2 | -3        | Metal     |  3        |    -2.89999 |        1.9  |   -1.1      |        2.1  |
+------+-------+-----------+-----------+-----------+-------------+-------------+-------------+-------------+
| 0.55 |   0.2 | -2.9      | Metal     |  2.9      |    -2.94999 |        1.85 |   -1.05     |        2.15 |
+------+-------+-----------+-----------+-----------+-------------+-------------+-------------+-------------+
| 0.6  |   0.2 | -2.8      | Metal     |  2.8      |    -2.99999 |        1.8  |   -0.999995 |        2.2  |
+------+-------+-----------+-----------+-----------+-------------+-------------+-------------+-------------+
| 0.65 |   0.2 | -2.69999  | Metal     |  2.69999  |    -3.04999 |        1.75 |   -0.949995 |        2.25 |
+------+-------+-----------+-----------+-----------+-------------+-------------+-------------+-------------+
| 0.7  |   0.2 | -2.59999  | Metal     |  2.59999  |    -3.09999 |        1.7  |   -0.899995 |        2.3  |
+------+-------+-----------+-----------+-----------+-------------+-------------+-------------+-------------+
| 0.75 |   0.2 | -2.5      | Metal     |  2.5      |    -3.14999 |        1.65 |   -0.849995 |        2.35 |
+------+-------+-----------+-----------+-----------+-------------+-------------+-------------+-------------+
| 0.8  |   0.2 | -2.4      | Metal     |  2.4      |    -3.19999 |        1.6  |   -0.799995 |        2.4  |
+------+-------+-----------+-----------+-----------+-------------+-------------+-------------+-------------+
| 0.85 |   0.2 | -2.3      | Metal     |  2.3      |    -3.24999 |        1.55 |   -0.749995 |        2.45 |
+------+-------+-----------+-----------+-----------+-------------+-------------+-------------+-------------+
| 0.9  |   0.2 | -2.19999  | Metal     |  2.19999  |    -3.29999 |        1.5  |   -0.699995 |        2.5  |
+------+-------+-----------+-----------+-----------+-------------+-------------+-------------+-------------+
| 0.95 |   0.2 | -2.09999  | Metal     |  2.09999  |    -3.34999 |        1.45 |   -0.649995 |        2.55 |
+------+-------+-----------+-----------+-----------+-------------+-------------+-------------+-------------+
| 1    |   0.2 | -1.99999  | Metal     |  1.99999  |    -3.39999 |        1.4  |   -0.599995 |        2.6  |
+------+-------+-----------+-----------+-----------+-------------+-------------+-------------+-------------+
| 1.05 |   0.2 | -1.9      | Metal     |  1.9      |    -3.44999 |        1.35 |   -0.549995 |        2.65 |
+------+-------+-----------+-----------+-----------+-------------+-------------+-------------+-------------+
| 1.1  |   0.2 | -1.8      | Metal     |  1.8      |    -3.49999 |        1.3  |   -0.499995 |        2.7  |
+------+-------+-----------+-----------+-----------+-------------+-------------+-------------+-------------+
| 1.15 |   0.2 | -1.69999  | Metal     |  1.69999  |    -3.54999 |        1.25 |   -0.449995 |        2.75 |
+------+-------+-----------+-----------+-----------+-------------+-------------+-------------+-------------+
| 1.2  |   0.2 | -1.6      | Metal     |  1.6      |    -3.59999 |        1.2  |   -0.399995 |        2.8  |
+------+-------+-----------+-----------+-----------+-------------+-------------+-------------+-------------+
| 1.25 |   0.2 | -1.49999  | Metal     |  1.49999  |    -3.64999 |        1.15 |   -0.349995 |        2.85 |
+------+-------+-----------+-----------+-----------+-------------+-------------+-------------+-------------+
| 1.3  |   0.2 | -1.4      | Metal     |  1.4      |    -3.69999 |        1.1  |   -0.299995 |        2.9  |
+------+-------+-----------+-----------+-----------+-------------+-------------+-------------+-------------+
| 1.35 |   0.2 | -1.3      | Metal     |  1.3      |    -3.74999 |        1.05 |   -0.249995 |        2.95 |
+------+-------+-----------+-----------+-----------+-------------+-------------+-------------+-------------+
| 1.4  |   0.2 | -1.19999  | Metal     |  1.19999  |    -3.79999 |        1    |   -0.199995 |        3    |
+------+-------+-----------+-----------+-----------+-------------+-------------+-------------+-------------+
| 1.45 |   0.2 | -1.1      | Metal     |  1.1      |    -3.84999 |        0.95 |   -0.149995 |        3.05 |
+------+-------+-----------+-----------+-----------+-------------+-------------+-------------+-------------+
| 1.5  |   0.2 | -0.999995 | Metal     |  0.999995 |    -3.89999 |        0.9  |   -0.099995 |        3.1  |
+------+-------+-----------+-----------+-----------+-------------+-------------+-------------+-------------+
| 1.55 |   0.2 | -0.899995 | Metal     |  0.899995 |    -3.94999 |        0.85 |   -0.049995 |        3.15 |
+------+-------+-----------+-----------+-----------+-------------+-------------+-------------+-------------+
| 1.6  |   0.2 | -0.799995 | Metal     |  0.799995 |    -3.99999 |        0.8  |    5e-06    |        3.2  |
+------+-------+-----------+-----------+-----------+-------------+-------------+-------------+-------------+
| 1.65 |   0.2 | -0.699995 | Metal     |  0.699995 |    -4.04999 |        0.75 |    0.050005 |        3.25 |
+------+-------+-----------+-----------+-----------+-------------+-------------+-------------+-------------+
| 1.7  |   0.2 | -0.599995 | Metal     |  0.599995 |    -4.09999 |        0.7  |    0.100005 |        3.3  |
+------+-------+-----------+-----------+-----------+-------------+-------------+-------------+-------------+
| 1.75 |   0.2 | -0.499995 | Metal     |  0.499995 |    -4.14999 |        0.65 |    0.150005 |        3.35 |
+------+-------+-----------+-----------+-----------+-------------+-------------+-------------+-------------+
| 1.8  |   0.2 | -0.399995 | Metal     |  0.399995 |    -4.19999 |        0.6  |    0.200005 |        3.4  |
+------+-------+-----------+-----------+-----------+-------------+-------------+-------------+-------------+
| 1.85 |   0.2 | -0.299995 | Metal     |  0.299995 |    -4.24999 |        0.55 |    0.250005 |        3.45 |
+------+-------+-----------+-----------+-----------+-------------+-------------+-------------+-------------+
| 1.9  |   0.2 | -0.199995 | Metal     |  0.199995 |    -4.29999 |        0.5  |    0.300005 |        3.5  |
+------+-------+-----------+-----------+-----------+-------------+-------------+-------------+-------------+
| 1.95 |   0.2 | -0.099995 | Metal     |  0.099995 |    -4.34999 |        0.45 |    0.350005 |        3.55 |
+------+-------+-----------+-----------+-----------+-------------+-------------+-------------+-------------+
| 2    |   0.2 |  5e-06    | Critical  |  5e-06    |    -4.39999 |        0.4  |    0.400005 |        3.6  |
+------+-------+-----------+-----------+-----------+-------------+-------------+-------------+-------------+
| 2.05 |   0.2 |  0.100005 | Insulator |  0.100005 |    -4.44999 |        0.35 |    0.450005 |        3.65 |
+------+-------+-----------+-----------+-----------+-------------+-------------+-------------+-------------+
| 2.1  |   0.2 |  0.200005 | Insulator |  0.200005 |    -4.49999 |        0.3  |    0.500005 |        3.7  |
+------+-------+-----------+-----------+-----------+-------------+-------------+-------------+-------------+
| 2.15 |   0.2 |  0.300005 | Insulator |  0.300005 |    -4.54999 |        0.25 |    0.550005 |        3.75 |
+------+-------+-----------+-----------+-----------+-------------+-------------+-------------+-------------+
| 2.2  |   0.2 |  0.400005 | Insulator |  0.400005 |    -4.59999 |        0.2  |    0.600005 |        3.8  |
+------+-------+-----------+-----------+-----------+-------------+-------------+-------------+-------------+
| 2.25 |   0.2 |  0.500005 | Insulator |  0.500005 |    -4.64999 |        0.15 |    0.650005 |        3.85 |
+------+-------+-----------+-----------+-----------+-------------+-------------+-------------+-------------+
| 2.3  |   0.2 |  0.600005 | Insulator |  0.600005 |    -4.69999 |        0.1  |    0.700005 |        3.9  |
+------+-------+-----------+-----------+-----------+-------------+-------------+-------------+-------------+
| 2.35 |   0.2 |  0.700005 | Insulator |  0.700005 |    -4.74999 |        0.05 |    0.750005 |        3.95 |
+------+-------+-----------+-----------+-----------+-------------+-------------+-------------+-------------+
| 2.4  |   0.2 |  0.800005 | Insulator |  0.800005 |    -4.79999 |       -0    |    0.800005 |        4    |
+------+-------+-----------+-----------+-----------+-------------+-------------+-------------+-------------+
| 2.45 |   0.2 |  0.900005 | Insulator |  0.900005 |    -4.84999 |       -0.05 |    0.850005 |        4.05 |
+------+-------+-----------+-----------+-----------+-------------+-------------+-------------+-------------+
| 2.5  |   0.2 |  1.00001  | Insulator |  1.00001  |    -4.89999 |       -0.1  |    0.900005 |        4.1  |
+------+-------+-----------+-----------+-----------+-------------+-------------+-------------+-------------+
| 2.55 |   0.2 |  1.1      | Insulator |  1.1      |    -4.94999 |       -0.15 |    0.950005 |        4.15 |
+------+-------+-----------+-----------+-----------+-------------+-------------+-------------+-------------+
| 2.6  |   0.2 |  1.2      | Insulator |  1.2      |    -4.99999 |       -0.2  |    1.00001  |        4.2  |
+------+-------+-----------+-----------+-----------+-------------+-------------+-------------+-------------+
| 2.65 |   0.2 |  1.30001  | Insulator |  1.30001  |    -5.04999 |       -0.25 |    1.05001  |        4.25 |
+------+-------+-----------+-----------+-----------+-------------+-------------+-------------+-------------+
| 2.7  |   0.2 |  1.4      | Insulator |  1.4      |    -5.09999 |       -0.3  |    1.1      |        4.3  |
+------+-------+-----------+-----------+-----------+-------------+-------------+-------------+-------------+
| 2.75 |   0.2 |  1.50001  | Insulator |  1.50001  |    -5.14999 |       -0.35 |    1.15     |        4.35 |
+------+-------+-----------+-----------+-----------+-------------+-------------+-------------+-------------+
| 2.8  |   0.2 |  1.6      | Insulator |  1.6      |    -5.19999 |       -0.4  |    1.2      |        4.4  |
+------+-------+-----------+-----------+-----------+-------------+-------------+-------------+-------------+
| 2.85 |   0.2 |  1.7      | Insulator |  1.7      |    -5.24999 |       -0.45 |    1.25001  |        4.45 |
+------+-------+-----------+-----------+-----------+-------------+-------------+-------------+-------------+
| 2.9  |   0.2 |  1.80001  | Insulator |  1.80001  |    -5.29999 |       -0.5  |    1.30001  |        4.5  |
+------+-------+-----------+-----------+-----------+-------------+-------------+-------------+-------------+
| 2.95 |   0.2 |  1.9      | Insulator |  1.9      |    -5.34999 |       -0.55 |    1.35     |        4.55 |
+------+-------+-----------+-----------+-----------+-------------+-------------+-------------+-------------+
| 3    |   0.2 |  2        | Insulator |  2        |    -5.39999 |       -0.6  |    1.4      |        4.6  |
+------+-------+-----------+-----------+-----------+-------------+-------------+-------------+-------------+
| 3.05 |   0.2 |  2.1      | Insulator |  2.1      |    -5.44999 |       -0.65 |    1.45     |        4.65 |
+------+-------+-----------+-----------+-----------+-------------+-------------+-------------+-------------+
| 3.1  |   0.2 |  2.2      | Insulator |  2.2      |    -5.49999 |       -0.7  |    1.50001  |        4.7  |
+------+-------+-----------+-----------+-----------+-------------+-------------+-------------+-------------+
| 3.15 |   0.2 |  2.30001  | Insulator |  2.30001  |    -5.54999 |       -0.75 |    1.55001  |        4.75 |
+------+-------+-----------+-----------+-----------+-------------+-------------+-------------+-------------+
| 3.2  |   0.2 |  2.40001  | Insulator |  2.40001  |    -5.59999 |       -0.8  |    1.6      |        4.8  |
+------+-------+-----------+-----------+-----------+-------------+-------------+-------------+-------------+
| 3.25 |   0.2 |  2.5      | Insulator |  2.5      |    -5.64999 |       -0.85 |    1.65     |        4.85 |
+------+-------+-----------+-----------+-----------+-------------+-------------+-------------+-------------+
| 3.3  |   0.2 |  2.6      | Insulator |  2.6      |    -5.69999 |       -0.9  |    1.7      |        4.9  |
+------+-------+-----------+-----------+-----------+-------------+-------------+-------------+-------------+
| 3.35 |   0.2 |  2.7      | Insulator |  2.7      |    -5.74999 |       -0.95 |    1.75001  |        4.95 |
+------+-------+-----------+-----------+-----------+-------------+-------------+-------------+-------------+
| 3.4  |   0.2 |  2.80001  | Insulator |  2.80001  |    -5.79999 |       -1    |    1.80001  |        5    |
+------+-------+-----------+-----------+-----------+-------------+-------------+-------------+-------------+
| 3.45 |   0.2 |  2.90001  | Insulator |  2.90001  |    -5.84999 |       -1.05 |    1.85     |        5.05 |
+------+-------+-----------+-----------+-----------+-------------+-------------+-------------+-------------+
| 3.5  |   0.2 |  3        | Insulator |  3        |    -5.89999 |       -1.1  |    1.9      |        5.1  |
+------+-------+-----------+-----------+-----------+-------------+-------------+-------------+-------------+
| 3.55 |   0.2 |  3.1      | Insulator |  3.1      |    -5.94999 |       -1.15 |    1.95     |        5.15 |
+------+-------+-----------+-----------+-----------+-------------+-------------+-------------+-------------+
| 3.6  |   0.2 |  3.2      | Insulator |  3.2      |    -5.99999 |       -1.2  |    2        |        5.2  |
+------+-------+-----------+-----------+-----------+-------------+-------------+-------------+-------------+
| 3.65 |   0.2 |  3.30001  | Insulator |  3.30001  |    -6.04999 |       -1.25 |    2.05001  |        5.25 |
+------+-------+-----------+-----------+-----------+-------------+-------------+-------------+-------------+
| 3.7  |   0.2 |  3.40001  | Insulator |  3.40001  |    -6.09999 |       -1.3  |    2.1      |        5.3  |
+------+-------+-----------+-----------+-----------+-------------+-------------+-------------+-------------+
| 3.75 |   0.2 |  3.5      | Insulator |  3.5      |    -6.14999 |       -1.35 |    2.15001  |        5.35 |
+------+-------+-----------+-----------+-----------+-------------+-------------+-------------+-------------+
| 3.8  |   0.2 |  3.6      | Insulator |  3.6      |    -6.19999 |       -1.4  |    2.2      |        5.4  |
+------+-------+-----------+-----------+-----------+-------------+-------------+-------------+-------------+
| 3.85 |   0.2 |  3.7      | Insulator |  3.7      |    -6.24999 |       -1.45 |    2.25     |        5.45 |
+------+-------+-----------+-----------+-----------+-------------+-------------+-------------+-------------+
| 3.9  |   0.2 |  3.80001  | Insulator |  3.80001  |    -6.29999 |       -1.5  |    2.30001  |        5.5  |
+------+-------+-----------+-----------+-----------+-------------+-------------+-------------+-------------+
| 3.95 |   0.2 |  3.90001  | Insulator |  3.90001  |    -6.34999 |       -1.55 |    2.35     |        5.55 |
+------+-------+-----------+-----------+-----------+-------------+-------------+-------------+-------------+
| 4    |   0.2 |  4        | Insulator |  4        |    -6.39999 |       -1.6  |    2.40001  |        5.6  |
+------+-------+-----------+-----------+-----------+-------------+-------------+-------------+-------------+