+-------------+-----------+-------------------+---------------+---------------+------------------------------+----------------------------------------------------------------+------------------+
|   t_diag_eV |   filling |   fermi_energy_eV |   band_min_eV |   band_max_eV |   filling_fraction_of_states | plot_file                                                      |   state_fraction |
+=============+===========+===================+===============+===============+==============================+================================================================+==================+
|          -1 |      0.5  |         -3.69409  |            -4 |       11.9991 |                        0.25  | TB_assignment_outputs\Q3b\plots\td_-1.0\q3b_td_-1.0_n_0.50.png |            0.25  |
+-------------+-----------+-------------------+---------------+---------------+------------------------------+----------------------------------------------------------------+------------------+
|          -1 |      0.75 |         -3.0867   |            -4 |       11.9991 |                        0.375 | TB_assignment_outputs\Q3b\plots\td_-1.0\q3b_td_-1.0_n_0.75.png |            0.375 |
+-------------+-----------+-------------------+---------------+---------------+------------------------------+----------------------------------------------------------------+------------------+
|          -1 |      1    |         -1.96533  |            -4 |       11.9991 |                        0.5   | TB_assignment_outputs\Q3b\plots\td_-1.0\q3b_td_-1.0_n_1.00.png |            0.5   |
+-------------+-----------+-------------------+---------------+---------------+------------------------------+----------------------------------------------------------------+------------------+
|          -1 |      1.25 |         -0.139934 |            -4 |       11.9991 |                        0.625 | TB_assignment_outputs\Q3b\plots\td_-1.0\q3b_td_-1.0_n_1.25.png |            0.625 |
+-------------+-----------+-------------------+---------------+---------------+------------------------------+----------------------------------------------------------------+------------------+
|          -1 |      1.5  |          2.6055   |            -4 |       11.9991 |                        0.75  | TB_assignment_outputs\Q3b\plots\td_-1.0\q3b_td_-1.0_n_1.50.png |            0.75  |
+-------------+-----------+-------------------+---------------+---------------+------------------------------+----------------------------------------------------------------+------------------+
|          -1 |      1.75 |          6.54266  |            -4 |       11.9991 |                        0.875 | TB_assignment_outputs\Q3b\plots\td_-1.0\q3b_td_-1.0_n_1.75.png |            0.875 |
+-------------+-----------+-------------------+---------------+---------------+------------------------------+----------------------------------------------------------------+------------------+
|          -1 |      2    |         11.9991   |            -4 |       11.9991 |                        1     | TB_assignment_outputs\Q3b\plots\td_-1.0\q3b_td_-1.0_n_2.00.png |            1     |
+-------------+-----------+-------------------+---------------+---------------+------------------------------+----------------------------------------------------------------+------------------+
|           1 |      0.5  |         -2.70659  |           -12 |        4      |                        0.25  | TB_assignment_outputs\Q3b\plots\td_+1.0\q3b_td_+1.0_n_0.50.png |            0.25  |
+-------------+-----------+-------------------+---------------+---------------+------------------------------+----------------------------------------------------------------+------------------+
|           1 |      0.75 |          0.059327 |           -12 |        4      |                        0.375 | TB_assignment_outputs\Q3b\plots\td_+1.0\q3b_td_+1.0_n_0.75.png |            0.375 |
+-------------+-----------+-------------------+---------------+---------------+------------------------------+----------------------------------------------------------------+------------------+
|           1 |      1    |          1.90655  |           -12 |        4      |                        0.5   | TB_assignment_outputs\Q3b\plots\td_+1.0\q3b_td_+1.0_n_1.00.png |            0.5   |
+-------------+-----------+-------------------+---------------+---------------+------------------------------+----------------------------------------------------------------+------------------+
|           1 |      1.25 |          3.04936  |           -12 |        4      |                        0.625 | TB_assignment_outputs\Q3b\plots\td_+1.0\q3b_td_+1.0_n_1.25.png |            0.625 |
+-------------+-----------+-------------------+---------------+---------------+------------------------------+----------------------------------------------------------------+------------------+
|           1 |      1.5  |          3.67521  |           -12 |        4      |                        0.75  | TB_assignment_outputs\Q3b\plots\td_+1.0\q3b_td_+1.0_n_1.50.png |            0.75  |
+-------------+-----------+-------------------+---------------+---------------+------------------------------+----------------------------------------------------------------+------------------+
|           1 |      1.75 |          3.94414  |           -12 |        4      |                        0.875 | TB_assignment_outputs\Q3b\plots\td_+1.0\q3b_td_+1.0_n_1.75.png |            0.875 |
+-------------+-----------+-------------------+---------------+---------------+------------------------------+----------------------------------------------------------------+------------------+
|           1 |      2    |          4        |           -12 |        4      |                        1     | TB_assignment_outputs\Q3b\plots\td_+1.0\q3b_td_+1.0_n_2.00.png |            1     |
+-------------+-----------+-------------------+---------------+---------------+------------------------------+----------------------------------------------------------------+------------------+